3556080378469,4014024418301
3556080378470,4014024418300
3556080378471,4014024418299
3556080378472,4014024418298
3556080378473,4014024418297
3556080378474,4014024418296
3556080378475,4014024418295
3556080378476,4014024418294
3556080378477,4014024418293
3556080378478,4014024418292
3556080378479,4014024418291
3556080378480,4014024418290
3556080378481,4014024418289
3556080378482,4014024418288
3556080378483,4014024418287
3556080378484,4014024418286
3556080378485,4014024418285
3556080378486,4014024418284
3556080378487,4014024418283
3556080378488,4014024418282
3556080378489,4014024418281
3556080378490,4014024418280
3556080378491,4014024418279
3556080378492,4014024418278
3556080378493,4014024418277
3556080378494,4014024418276
3556080378495,4014024418275
3556080378496,4014024418274
3556080378497,4014024418273
3556080378498,4014024418272
3556080378499,4014024418271
3556080378500,4014024418270
3556080378501,4014024418269
3556080378502,4014024418268